0;1;[8872140181880008552 2463825565519005218 7595448792843952186
 7307482326010896483 5053737109978686067 2322206152857503049
 7959660873229944610 7310575079013313395 2335517047404521842
 8247343735773012041 4768579088164285301 2334956330750339445
 7809639168886464845 8382078947185205363 8315178135798904178
 5279945525354593570 2459029315074149445 3270004108788068935
 2336349433693040458 7525622120783570511 7451613937233060713
 5053737109978686062 2322206152857503049 8386106470947768098
 3205756332956527969 4921384673820703520 7021752980919165489
 9016895252653678702 5495879485850591276 8234587965479858500
 8531315423984643681 2334346887726134121 8314042262877464899
 6206067266105459744 8872140181879219305 2463825565519005218
 7312264088437006394 8317986236754042994 7307199742749470831
 7954880197008053024 5279945525354593570 2459029315074149445
 8320773185484452423 7307182949595440500 2334111732881519215
 8386093285582598209 8872140181880074089 2463825565519005218
 7378700979033743418 2339445511031387241 9016900681393923410
 5495879485850591276 8234587965479858500 9016876530657752175
 5495879485850591276 8234587965479858500 6061955485080122735
 7300933651904030056 2318365495174457718 3550046266740580987
 8462107874693233186 7813865678122808176 8233460249779599461
 8748083312707530873 5279945525354593570 2459029315074149445
 7022632896475788615 2484614994875015524 4188964772815128902
 7810758454809141792 8247323922906042400 7020674717821054313
 8247572099033407596 7234276476763137394 2482437124154220905
 4992598775825443965 5125694759954891852 4764927657327817333
 2338339511016715125 5128886828089632082 2484614994875019874
 4188964772815128902 8028617887827042848 2318365494872600428
 3550046266740580987 7020682215539358242 7166187325048516459
 7741516709242103144 7595161808100288882 5053737109978686053
 2322206152857503049 7813573165807388450 7164751057718437743
 7300933651719482479 3205756389027901296 4921384673820703520
 7960472028249203249 7163370410567754597 7306934768663293025
 2484614994875021682 4188964772815128902 8026370486059868704
 7236793258962546540 7809643528428539168 8314056603147991404
 8243109403501622889 8388355933427298401 5279945525354593570
 2459029315074149445 3275072874771459400 2336349433693040458
 8461539599534024271 7957695015157983598 5279945525354593570
 2459029315074149445 3205756388842299720 4921384673820703520
 7089026599864640049 5989885500329129065 2478212778786644847
 4992598775825443965 5197752353992819788 7309453746065728353
 8318823020956112160 7441389596579296361 7737542739887748201
 4909039538178124917 5200929089093333605 7309453746065728353
 8318823020956112160 8247620656762025065 7372146627737051502
 7598805551080031520 2484614994875018863 4188964772815128902
 7453291801056125472 2477370574405394802 4992598775825443965
 5197752353992819788 8462063727854053217 2334640457514053234
 7161125207823903044 5053737109978686073 2322206152857503049
 7456379251367954466 8316308364458816367 7946918636778709364
 7018694492986500470 9016896283430840675 5495879485850591276
 7009890341811794244 7021786267786437742 2484614994875021680
 4188964772815128902 7236281238326616608 2338042707301716000
 4984771640013776210 7948607547661972339 8101242855452787488
 8233741724722229871 8872140181879221601 2463825565519005218
 7738718396365283386 8449351518076018793 7299540501884400748
 8449351500762933604 5701678527454473324 7596276742718234726
 5279945525354593570 2459029315074149445 8247620656979861832
 4981093677904191854 8097879393565567092 8026936621387704680
 2484614994875021682 4188964772815128902 2477392624647414304
 4992598775825443965 5197752353992819788 9016898529813799013
 5495879485850591276 7298120717963505988 7162216682388218977
 7813578727569236075 8872140181880792943 2463825565519005218
 8389187293514178618 7586349188024180840 3205756414763955315
 4921384673820703520 7018094905733554737 2334111732880405612
 8028914755683181908 2484614994875021671 4188964772815128902
 7526760042809795104 8028077971499991584 8020946552065433714
 8531315368552261996 8872140181880661353 2463825565519005218
 8389187293514178618 5557553482107658344 9016895183800856161
 5495879485850591276 7298120717963505988 8458962005602364513
 9016890828738814307 5495879485850591276 7298120717963505988
 7380917242847063137 7957695015158641263 7305804402363945760
 8320773185132708128 2318365495107872116 3550046266740580987
 7809634589321738786 7809927240575117428 4836978489828797797
 8386118574349579881 8872140181880074089 2463825565519005218
 8389187293514178618 8390044956241174632 8318822856522624873
 8315182482305803632 5279945525354593570 2459029315074149445
 5773729571532793160 7957695015393521522 7163384652494950432
 5053737109978686053 2322206152857503049 2335244415630919714
 8028914729830937424 4764918830459812199 7021797267772368997
 7594029276593987692 2484614994875016558 4188964772815128902
 7526760042809795104 7813578654959751200 8030029539008145263
 2484614994875020402 4188964772815128902 7526760042809795104
 7813578654959751200 7310298023558997871 2318365494922670689
 3550046266740580987 7809634589321738786 7297837323555727476
 7235425775383375731 5279945525354593570 2459029315074149445
 5989902353646576968 2318365494873190243 3550046266740580987
 7809634589321738786 7599387200746186868 2334111732881122659
 8315172612186862927 7165897045455491616 7237117975332724840
 3205756414579403887 4921384673820703520 7018094905733554737
 8534995651520918636 8317665965523690345 3205756389027243881
 4921384673820703520 7018094905733554737 8534995651520918636
 7953723218683323241 2338615488418244449 7521981565278315858
 5279945525354593570 2459029315074149445 5989902353646576968
 9016896317639914361 5495879485850591276 7298120717963505988
 8320773185200221281 5917771831182189940 3205756363224344165
 4921384673820703520 7018094905733554737 2478512932542510188
 4992598775825443965 5197752353992819788 8241978093345726821
 8606181115101257829 7165919078637720109 7956018259991666789
 2484614994875020135 4188964772815128902 7526760042809795104
 7380917242796597603 8314605285627753071 7165897045455491616
 5053737109978686056 2322206152857503049 7163103216172091426
 7521967214634037857 5485517831295233902 9016896339114751077
 5495879485850591276 7298120717963505988 7310012224757853281
 8462063727853196333 2334640457514053234 8751168585183552836
 7305804402363945760 7957377995082973472 2481042943442515567
 4992598775825443965 5197752353992819788 4692884301256876389
 8315142586137209191 3205756341498044773 4921384673820703520
 7018094905733554737 7809595935778826610 7236793258626739809
 7597138734268498720 9016890828738814307 5495879485850591276
 7298120717963505988 7019268217788199521 5279945525354593570
 2459029315074149445 7946918701979231560 8028075772578260340
 8872140181879939438 2463825565519005218 8390876143374442554
 7944666846265166880 7810776068202569828 5053737109978686067
 2322206152857503049 8238245302589802530 4696535766253399649
 8315142586253797747 3205756341498044773 4921384673820703520
 7090152499771482673 7809920436547315058 7944666833376845925
 8307206672102025571 2318365494989906290 3550046266740580987
 2333820392392636962 3205756363274874694 4921384673820703520
 7810728440150762033 2484614994875021417 4188964772815128902
 8032567324668600864 5053737109978686062 2322206152857503049
 7813591840307103778 2318365494872729455 3550046266740580987
 7020378754625059362 5917863395522801524 9016896347922460773
 5495879485850591276 7298120717963505988 7299526182380527984
 4984751887457937764 2334381307660102006 7310298023557623361
 2318365494922670689 3550046266740580987 7021223179555191330
 8026380247029213556 2318365495208144748 3550046266740580987
 7021786129508612642 7944666841444541548 7599377318300238112
 2484614994875020403 4188964772815128902 7594306413653402144
 7020671246164779380 8462949148464084083 5053737109978686061
 2322206152857503049 7449363254887139362 8021790976995565669
 3205756414796851555 4921384673820703520 8243074004378329649
 9016876509250348397 5495879485850591276 7298120717963505988
 2482456898115562866 4992598775825443965 5197752353992819788
 3275077294077539173 9016876488043880788 5495879485850591276
 7298120717963505988 7810219646769063284 7310596073546867561
 2484614994875020146 4188964772815128902 4764923199115239968
 7309993245229936492 2316574678412784499 7022923167378334019
 5773740485046002547 8028075828262102386 5053737109978686062
 2322206152857503049 8022635418990757922 3205756328679142508
 4921384673820703520 7451566369867964977 7166744630089901416
 7300370654655247457 8315168179981082980 5279945525354593570
 2459029315074149445 4981106967740639560 7957695015157986660
 8243122727581733152 2484614994875021676 4188964772815128902
 8243109486328816160 7598805551080031520 7812735363258019439
 8022916876902408307 7234315237999864690 7956011654266047520
 5053737109978686055 2322206152857503049 7296992959179343906
 8458430003974065184 2484614994875015532 4188964772815128902
 7093843896539030048 3205756311465980527 4921384673820703520
 8100084716209316401 5921511570708522863 4909030746614232677
 7021786319681232997 4836963995404629364 4909030738058570869
 8028905937758612581 2481327603875922976 4992598775825443965
 5197752353992819788 5561223592013034089 8019257736533993315
 7372146764891976309 7163383621702402848 7594324014124788833
 2484614994875020133 4188964772815128902 7953762057902891552
 2477391490454675817 4992598775825443965 5197752353992819788
 8028903777865331561 7022364615772557869 8391166289223435296
 7450451457581085295 2330929932004126569 3205756358643380044
 4921384673820703520 8316257498323100209 2319952360802250612
 7594035916780547376 5197276515844581741 8026374901121446761
 8530218204779136288 7022353611846066277 5053737109978686060
 2322206152857503049 7598258067270617122 7809652371579019361
 2478508569007116064 4992598775825443965 5197752353992819788
 2333262022171718505 9016880877299458371 5495879485850591276
 7586351094115217732 4836973105315279987 7166762378304122479
 3205756358644100969 4921384673820703520 8316257498323100209
 7008762522848358260 7598258067270617120 2477377158472951663
 4992598775825443965 5197752353992819788 2333262022171718505
 8247626301771554885 5053737109978686049 2322206152857503049
 7598258067270617122 8245937481775063137 8872140181880398185
 2463825565519005218 8031170931527393338 8391171791076288882
 7308901743699784809 7308626840221130867 2318365495108007022
 3550046266740580987 8391166289252465186 7165036930708107887
 8872140181879939433 2463825565519005218 8031170931527393338
 8306080654922180978 3205756371662496112 4921384673820703520
 8316257498323100209 2330929884893966196 2477377210247112013
 4992598775825443965 5197752353992819788 2333262022171718505
 7598258036969119833 2333229783976255585 8028057080696235077
 5053737109978686062 2322206152857503049 7598258067270617122
 7594035799492468833 2318365494855427173 3550046266740580987
 8391166289252465186 4981100353407251055 8243122710737019758
 8247620656758336883 5197266460017975662 7017568584590455657
 7594040314827055212 2338339511017370991 7163382505330141512
 6662068999680978017 7944666897653585266 8245937481775063140
 8386093336985149561 8872140181880074089 2463825565519005218
 8031170931527393338 8382078981329086834 7946918697466684533
 7598805551080031520 7233183840551661167 5053737109978686049
 2322206152857503049 7598258067270617122 7594035799493012323
 9016880907330481263 5495879485850591276 7586351094115217732
 8243680141607138419 7300947919499781729 7296992899184683382
 7598258067270617120 8245920854733037665 2484614994875015529
 4188964772815128902 8245937481775063584 8021790976995565689
 2340015209653954915 7526769998239393359 3205756311533994272
 4921384673820703520 8316257498323100209 7885595279304585076
 2318365495108264304 3550046266740580987 8391166289252465186
 4981093677905048175 2333824950649909091 2338608900073285716
 7596569061398703681 2484614994875021667 4188964772815128902
 8245937481775063584 8458962005566365817 5845793741116563811
 8749493956144947573 5279945525354593570 2459029315074149445
 2340027304416340296 7017581717890295375 8531315368368499060
 8872140181880661353 2463825565519005218 8247343713641177146
 2484614994875015529 4188964772815128902 2338610055215587872
 7598542776408043093 7020066322720712052 7009325554272397672
 2335524761350468971 3272273500805686596 2336349433693040458
 7956020411213309519 8458711478952359017 5076221224916972652
 6134030688752060448 8388362716119984494 5053737109978686073
 2322206152857503049 4692792732587477026 7599372824640447593
 2484614994875021157 4188964772815128902 7584378940413190688
 7018142473334387556 2334111732880401266 7598805576699371856
 2478512932000916854 4992598775825443965 5197752353992819788
 8382079011460899439 3205756388775650421 4921384673820703520
 7813543189917868593 5993574718339375983 7589445434161263988
 7022349196772852512 2484614994875017586 4188964772815128902
 2482450331125424672 4992598775825443965 5197752353992819788
 2330929902223781231 7599104608977314124 2484614994875015534
 4188964772815128902 5197265490678391328 7008481078120571237
 7449356622832362866 7944666902098701669 7598807741461700708
 2484614994875016547 4188964772815128902 5197265490678391328
 7008481078120571237 7599387200746186098 8241997784361952611
 3205756414663484788 4921384673820703520 7957658377993724465
 7307218356663250273 2336349386297336173 2480464621768896330
 4992598775825443965 5197752353992819788 7453016801801629295
 7809644666712705568 7594301877012287264 3205756414579403887
 4921384673820703520 7957658377993724465 5773728446300233831
 7307218417267997032 8462063728189268338 2318365494989647474
 3550046266740580987 8030040491202460194 8019257706400722291
 7372146764891976309 8389723559326929952 7957695015158706789
 7307481200172493921 6061970920684157300 8031170931527279976
 7516543401867639154 6658695673047641193 7157099856608123250
 3205756328612881769 4921384673820703520 8245888754145436209
 7954841477760121449 7453295134170770799 7307490013752091497
 8026651952348875040 9016876578036932982 5495879485850591276
 8018696658342785348 5269338482177370482 7163375852238020718
 7813575377273515105 8872140181880792943 2463825565519005218
 8820707167458959418 8531315424052407919 2334346887726134121
 2338335108793398085 8028914716688540996 7584941678690134375
 4909050456050986597 7595155210860896353 2484614994875019105
 4188964772815128902 7451607396721893920 7305754627715133039
 2484614994875019122 4188964772815128902 7957699404847653408
 8458716041530122341 7813579611244224876 2334111732881516399
 7809632533312269379 7598825350896699680 9016890828738814311
 5495879485850591276 8018696658342785348 8463480998559969906
 2318365495107348836 3550046266740580987 8102942510170520098
 7234273178093188201 7801114599552017257 3205756388742098537
 4921384673820703520 8317946348183364145 7516543427944933744
 9016902871692440161 5495879485850591276 8018696658342785348
 8388354946774954099 7594035799489126521 8872140181880796261
 2463825565519005218 7598546117116174394 2334397743925061486
 8102104729525710401 8872140181880468079 2463825565519005218
 4696541306252566586 7593752247028106016 7958552612362546785
 6061970920684153953 2338338411404026213 7596560394770998863
 2484614994875017331 4188964772815128902 7237954716733809184
 7809644666712705568 7885080856692674336 8028075772393123445
 2484614994875020142 4188964772815128902 8319381573011513888
 2478497599286437227 4992598775825443965 5197752353992819788
 2335516025386268274 8388910247072917828 6494306572887354479
 9016887504517885794 5495879485850591276 8234869440456569156
 5125212286167048566 7742644753097256805 7597136483686228073
 7598805602567138667 8243680123700670049 2336349386296553569
 7956018195686257986 5279945525354593570 2459029315074149445
 7594035799711380296 4981091612573592673 7957695015157986660
 8751179571877464096 5279945525354593570 2459029315074149445
 8247620656979342408 5197266460017975662 7018141299974103397
 7944666902098701684 7598247071850504292 8872140181880400993
 2463825565519005218 7953758767401803834 8318827328757448992
 8316288638231990317 8241990192134646115 7597116744167596153
 5989829425219594612 7157099882684703599 5845799195623974249
 8749493956144947573 5279945525354593570 2459029315074149445
 7300933604374050120 4909035071630307187 7308621394154452581
 8243122709993649262 7809644653626810734 5279945525354593570
 2459029315074149445 7589163980525761864 8531315368452712551
 8872140181880661353 2463825565519005218 7953758767401803834
 5557569975019918112 2478508568855798885 4992598775825443965
 5197752353992819788 8320773185299639669 7953723218683848052
 2482730676494100321 4992598775825443965 5197752353992819788
 7299526173873237365 8247620656978818158 5773727212321399150
 7525637518917396840 8463480998458385257 2318365495107348836
 3550046266740580987 7020396346811103778 2338324113340524910
 7161135103459532838 2484614994875019105 4188964772815128902
 7597116744167596576 8390891445895258484 2318365494989645685
 3550046266740580987 7020396346811103778 2336876920218872174
 8386105418748030537 8019257736349773673 7372146764891976309
 5917851275092117536 8451040381007062889 7598242673940390253
 7944666872118079073 6659809508153630820 2482730676494815090
 4992598775825443965 5197752353992819788 7953754356894363253
 7021803911920304928 7307482326010896492 5053737109978686067
 2322206152857503049 7598242618190153762 7958552612362546785
 7946918641258228833 4692884344207013220 7596839644921095278
 2318365495208866931 3550046266740580987 8242283618758572578
 8316308364458816361 7585786241658937716 2477377158707900268
 4992598775825443965 5197752353992819788 7595161808100549753
 7310298023558144355 8387193583121429089 2318365495108199796
 3550046266740580987 7309475545939458594 7957695011081254002
 7165897045455491616 7309993245395198056 9016902871909756519
 5495879485850591276 8739272598722064708 2318365495108005488
 3550046266740580987 8030051486318737954 8872140181879220600
 2463825565519005218 8386076478783234106 7594324014124788084
 2484614994875020133 4188964772815128902 3275077233878311456
 8386105418748030537 8019257736349773673 7948607517195399797
 7310597220861952800 7164775560505401458 7946918633190531173
 8028075772561485670 7882834762087473262 5053737109978686067
 2322206152857503049 2336635332484745506 7020674717821054277
 5053737109978686060 2322206152857503049 7019253036486838562
 5279945525354593570 2459029315074149445 7300933626151330121
 9016884180279190899 5495879485850591276 7082229410826432836
 7598247041787982437 8247620656761299299 4909036083866263918
 7308621394154452581 7594324014124790894 2484614994875020133
 4188964772815128902 7020956123860116000 7020655948715943277
 5279945525354593570 2459029315074149445 3270855173939225161
 2333274120994055506 7310594991332549956 5269322907300094317
 7594020519376021102 7165020437894688367 7594020549373029749
 2484614994875018863 4188964772815128902 2336916802896470560
 2482439322942665811 4992598775825443965 5269809948030747724
 8391166487948307811 7598819853117628513 2334346887725017446
 7161125220758482505 8017287328817901417 7594020476275291501
 2484614994875018863 4188964772815128902 7953757599626240544
 7599372824639400292 8020946560133134181 2747322643504195948
 8316299586002239776 2481042943442514548 4992598775825443965
 5269809948030747724 7958552612362546275 7957409094702034017
 7020674717821050977 8389723559476273260 7957695015158706789
 8391171954867989601 7020671367833285737 3205756405886492780
 4921384673820703520 8026339371822752305 2481329889889120110
 4992598775825443965 5269809948030747724 8097879393565568867
 2318365494805227880 3550046266740580987 7957688232343255586
 2484614994875020143 4188964772815128902 8666368742198420000
 3205756389010272880 4921384673820703520 7161929718344327729
 2318365495107351393 3550046266740580987 7018125859594713634
 8026334966495912051 7236793258962546540 7598827579867809056
 2484614994875018863 4188964772815128902 7598819853034136096
 2318365494872400228 3550046266740580987 7954874582087776802
 2336876920218872180 8386105418748030537 8019257736349773673
 7372146764891976309 2340027304163955744 7310298023557623361
 2318365494922670689 3550046266740580987 2337196996896504354
 8389754676365913933 7815226535009273376 8462063783688435060
 2334640457514053234 2336349412251558221 8389714763469582913
 7453295134204981864 5053737109978686073 2322206152857503049
 8389723615345789218 7011014404199051877 8020946552065433719
 9016896274757347692 5495879485850591276 7298402192940216644
 8386658446784619877 7598805550878845298 8818443212971601519
 8872140181879484009 2463825565519005218 2334383467554545722
 2336349433693040458 8028915897552891471 5989921036805890418
 7022329173400710255 8462384024464156020 7809644653626810740
 8315161591618552864 8244194399281365280 3205756389027312995
 4921384673820703520 7306326381396894257 7310590614998753381
 8748083312707135587 7956024775491538208 5053737109978686053
 2322206152857503049 8020946556211775778 7162249826555553143
 2338321936010932852 7308895219609985357 5279945525354593570
 2459029315074149445 8531315368216847689 7305481948971168617
 7163382462261849970 6061956441716125281 7595161808100287333
 4692869993910530913 7024042448907498096 2334383467555284330
 2318365494806341970 3550046266740580987 7306357335258053154
 7163384704051139104 8449069991642341491 7957695015158640500
 8318823012550134816 5279945525354593570 2459029315074149445
 8320773185148904777 7953723218683848052 7095776494301888800
 8314605285694927461 7956024775491538208 5053737109978686053
 2322206152857503049 8238245238232402210 8028075780950158945
 7584660380591354734 9016876556425109607 5495879485850591276
 7298402192940216644 8317692705465460069 2338334056325079905
 7597123348985835087 7885595278969301364 7598805550879372653
 2334111732881124975 7596291019561526606 2484614994875017070
 4188964772815128902 6061956584606081568 7598807741480460658
 4836987285921820271 7598805624095272303 7165036930892131951
 8391183928654586217 8872140181880401253 2463825565519005218
 2334383467554545722 8386654079495008852 2336892257446031209
 7157114163769931085 8101253638806400097 8742366930262389877
 3205756388909610099 4921384673820703520 7306326381396894257
 7022077608809734245 5701684046403826787 8245940784538198126
 7164775560505401451 7945792733283688549 7956015996545689959
 5053737109978686055 2322206152857503049 8238245238232402210
 8028075780950158945 7589445455195435886 7236793258744049255
 7020393216925911328 8030569185776986484 2334956331002455395
 8387195782312588879 3205756388876906359 4921384673820703520
 7306326381396894257 8019257689102298469 7372146764891976309
 8386104306603213088 7597125427167060841 2484614994875015523
 4188964772815128902 5341386141784941088 5701676293971670383
 8391179604928831590 7596570298898479474 2482449244400935267
 4992598775825443965 5269809948030747724 7885595278968056165
 7598805550879372653 8246223156007890543 8872140181880402789
 2463825565519005218 7305798904264663098 7308895159699066400
 8245920941501084257 8379264197418098809 7163375912484937843
 9016896322101933153 5495879485850591276 7298402192940216644
 8247326104881537140 8320773185266082665 2336885660376196468
 8245933083814097492 9016890828738814324 5495879485850591276
 7298402192940216644 8245940784538198132 2484614994875020139
 4188964772815128902 7590571381243847200 5989914443862795634
 8742366977524461157 3205756388909610099 4921384673820703520
 7811011014639100465 7020674717821050977 7958535042257988972
 2336349433641923681 7598805615236113734 7587475095998721647
 8304954893830025826 8028075772493393779 2484614994875020142
 4188964772815128902 7600494447948276256 7599377222903885409
 5917845651686782067 6061952178189591401 7017568537345290085
 5279945525354593570 2459029315074149445 7598819697277233225
 8315133790245582183 7945792797493455221 7881703359992973600
 3205756311432688229 4921384673820703520 7163337093227881009
 7020674649187830061 5917849076085254516 7372146812203398757
 7308335478316353824 8237119368324281443 4692884352762474607
 7309462519857308782 5485505770926926196 2484614994875021153
 4188964772815128902 5557550162232549920 7954884599113412193
 8603398620388139124 5279945525354593570 2459029315074149445
 8019257693400164681 3205756358644101749 4921384673820703520
 8316258597834727985 7022077608809734245 5701684046403826787
 7021240888798945390 4981100353592191348 7163377007671076722
 7020396346777935987 8245937412921237614 5053737109978686067
 2322206152857503049 7945792772058466594 7956015996545689959
 7020674717821050983 5053737109978686060 2322206152857503049
 7011014374402378018 7020674717821050999 5053737109978686060
 2322206152857503049 7018094898270849314 8314021083181249650
 7310034287886890339 5279945525354593570 2459029315074149445
 7022349100907719241 2316574669671264098 7956015988122873413
 5053737109978686053 2322206152857503049 5272986678769371426
 7598805598274417774 8462063727970184815 2334640457514053234
 8028075772393907269 7310298023558144366 7236793258677072481
 8386114202106743072 8872140181880074089 2463825565519005218
 8102936059784077370 7958535042257988973 2336349433641923681
 2336349433693040458 8245922066597963343 5989908929192419693
 4692877725410816889 7307775882123306094 7449356622832366691
 3205756393221352805 4921384673820703520 8028591171636437553
 7020674717821054318 8026339364408598636 7595444335393861486
 7307482326010896483 5053737109978686067 2322206152857503049
 7023760990893000994 7307482326010896500 8247620656758336883
 5269332850148925806 4692860116177874035 7451606240886547566
 8463480998577139561 2318365495107348836 3550046266740580987
 7378422625877375522 7598532889325945888 5279945525354593570
 2459029315074149445 2337161637492452425 8030606865625998660
 7958552612362535213 7945792741351386209 7011014352893996135
 5485495840828385134 8247626254478832745 7945792775610463077
 7944666850643242087 8389174155546927204 8463480998458389109
 2318365495107348836 3550046266740580987 3275643365342853666
 2333274120994055506 7164775559965205828 5485495689413878121
 7451606240886551393 3205756388775980905 4921384673820703520
 7020347805058867761 5921500635805479526 4909030746614232677
 8245937481775063141 4692869993910526313 8872140181879485554
 2463825565519005218 7306916042438221882 8319104414429368352
 5485505632262385257 8872140181879484009 2463825565519005218
 7306916042438221882 8029468853723734126 3205756311432688755
 4921384673820703520 7020347805058867761 7296992916179936615
 7885069874460970016 5053737109978686053 2322206152857503049
 2482439314301864226 4992598775825443965 5269809948030747724
 7598242648170127725 7809652367386091631 5279945525354593570
 2459029315074149445 2334956330799951177 2334381307660428115
 7598819852494597705 2318365495208866931 3550046266740580987
 7449355419520088610 8391166487948307823 7092400993618632801
 7017568592945046892 8463508850629171488 7022646090207879538
 5053737109978686060 2322206152857503049 7021788471529130274
 2334111732881126510 7598814411497564493 2484614994875020133
 4188964772815128902 7597138734265999904 7020098543023061364
 2336927755366657389 7310302361474592321 8872140181879485281
 2463825565519005218 7959388232593055802 8319385906635175023
 7307182893509263648 2318365495208730994 3550046266740580987
 2337488367477864994 2480464621768896330 4992598775825443965
 5269809948030747724 2338609982203523181 7957694959458215250
 5279945525354593570 2459029315074149445 7091326027899628873
 8531315423984577641 8389723559260615529 7957694942144262757
 8306080707061509217 5485511268484019572 8028073573621265513
 5053737109978686067 2322206152857503049 7599383958537455906
 8029751436430567278 2484614994875020140 4188964772815128902
 3273908161178313248 7307199738387065170 7306931457193166112
 2338042551374279796 7598261300856122441 7011014382791585652
 4981088340668924704 7595430113930398752 2477387118821008756
 4992598775825443965 5269809948030747724 7733560605055131758
 5272984441208596850 6206071764360634478 2318365494939382373
 3550046266740580987 4981102448255973922 7957695015157986660
 5279945525354593570 2459029315074149445 3275652299696926281
 7296992916381525330 8029189650971185184 2318365495107350121
 3550046266740580987 7306085755885992482 2338615488267838832
 2336349433693040458 7449356622832363087 2316574742769134949
 7598807827128218192 2484614994875018863 4188964772815128902
 7309453677243736608 8019257770927023214 7372146764891976309
 7956004992771773472 7299244711779311719 9016883127862063713
 5495879485850591276 7946920539281568068 8461541608997283172
 7957694942143539566 5279945525354593570 2459029315074149445
 8453573578303237705 3276769442472948321 7020674717821050945
 8389723559342055532 7957695015158706789 7593463036088708193
 2484614994875020146 4188964772815128902 2333261962022560288
 9016900681393923410 5495879485850591276 7946920539281568068
 7020620476663818596 8316306165809312613 7887336144652759924
 5279945525354593570 2459029315074149445 4836987364454985289
 2336349386296878440 8243106217860755013 5279945525354593570
 2459029315074149445 5125217740606697033 7597124397533785957
 8247620656761168227 8872140181879939438 2463825565519005218
 7019251919069782074 7526772197785280622 8531299975037862176
 8389754676550003813 2483565223150440992 4992598775825443965
 5269809948030747724 8019257744939377774 7372146764891976309
 7526767756506448160 2318365494805623653 3550046266740580987
 7594316132037704226 7958552612362546785 7801114603322109025
 4764927571293466217 8316298469226803049 8872140181880795764
 2463825565519005218 7019251919069782074 7020674717821050990
 7885595278983503980 5197287510877566317 3205756341782864229
 4921384673820703520 7236802062149362225 8247620656761299305
 4836978489828335982 8751735899025141103 7955999521033768224
 5053737109978686053 2322206152857503049 2336912361936275746
 2336349433693040458 7598814410754254415 7310012086110413155
 7955999521033768224 5053737109978686053 2322206152857503049
 2336912361936275746 2336349433693040458 8751172892410013263
 7305804402363945760 5279945525354593570 2459029315074149445
 5341390522720480841 5701676293971670383 7885642897234927718
 2334111732881122153 7885925458875147588 8872140181880467045
 2463825565519005218 7019251919069782074 7020674717821050990
 8314004591583633516 8243122710468588148 3205756414579403887
 4921384673820703520 7236802062149362225 8247620656761299305
 5125208865980047726 7453295133986221689 7813573203936174953
 8872140181880792943 2463825565519005218 7019251919069782074
 7020674717821050990 8316257490908946540 2334640457733271412
 2478496495736283987 4992598775825443965 5269809948030747724
 8019257744939377774 7372146764891976309 7809632533144227104
 7305208170625777952 2333824972207778148 8748083312706416207
 5279945525354593570 2459029315074149445 5341390522720480841
 5701676293971670383 7017568524290564198 7019250781560971372
 9016896283347282284 5495879485850591276 7946920539281568068
 8462063728003737956 2334640457514053234 2336349450923172174
 8319383767507497552 8315142586086867232 9016896283246490991
 5495879485850591276 7946920539281568068 8462063728003737956
 2334640457514053234 8028914772863903054 2484614994875021671
 4188964772815128902 7953754296980939296 7809644666712705568
 8247609678824361760 8751168520910631791 5279945525354593570
 2459029315074149445 5341390522720480841 5701676293971670383
 8390050479350882406 3205756311601242482 4921384673820703520
 7236802062149362225 8247620656761299305 5629612024245543278
 5557567702814188405 2478508568855798885 4992598775825443965
 5269809948030747724 8019257744939377774 7372146764891976309
 8386107630621511456 7944666867521449833 8030597042932097124
 2336349459394686318 7308895120959759693 5279945525354593570
 2459029315074149445 5341390522720480841 5701676293971670383
 8241988019013230694 8748083312706678393 7018094898287886624
 7738139970973868132 8751168520910623520 5279945525354593570
 2459029315074149445 5341390522720480841 5701676293971670383
 7453295134269972582 5053737109978686073 2322206152857503049
 2336912361936275746 2336349433693040458 7596565836679112271
 7008481065269032033 2484614994875016562 4188964772815128902
 7953754296980939296 7809644666712705568 8314045478499405600
 7454149333137713524 8872140181880795749 2463825565519005218
 7019251919069782074 7020674717821050990 8751426600996642924
 7163370410567755875 7954880192137161825 2484614994875016547
 4188964772815128902 7953754296980939296 7809644666712705568
 7167887069915008800 5557575425333161832 2478508568855798885
 4992598775825443965 5269809948030747724 8019257744939377774
 7372146764891976309 8028914734141100576 5269321988725307751
 9016883127861600621 5495879485850591276 7946920539281568068
 8462063728003737956 2334640457514053234 8031151158257346642
 2318365495208144748 3550046266740580987 7594316132037704226
 7958552612362546785 7157099856608128097 8017287381481579881
 8386093285616479597 8872140181880074089 2463825565519005218
 7019251919069782074 7020674717821050990 8247589691219452012
 7948607517194676583 9016902889107124067 5495879485850591276
 7946920539281568068 8462063728003737956 2334640457514053234
 7163365952492365908 8241942599467680032 8458731387567958372
 7454149333138694508 8872140181880795749 2463825565519005218
 7019251919069782074 7020674717821050990 8030574683198791788
 2318365495208144748 3550046266740580987 8026661696265271842
 7017568584422211872 7020674717821050990 7018948119342555244
 7598827549600345458 7307481079062749539 2318365495107347310
 3550046266740580987 8026661696265271842 7011014322662106478
 8603398620388139127 5279945525354593570 2459029315074149445
 7598528521293819465 7308620268163853921 8019257736349051236
 3205756358644101749 4921384673820703520 7236802062149362225
 2336912362187353711 2336349459311518019 5917857889308008781
 3205756405955524197 4921384673820703520 7236802062149362225
 2336912362187353711 2336349433693040458 7596839644921095759
 2318365495208866931 3550046266740580987 8026661696265271842
 5341390522721461614 5701676293971670383 8391162072888909926
 7018142473333537138 8872140181879677810 2463825565519005218
 7957689491423109178 8019257744939381605 7372146764891976309
 7307481217826637600 8872140181879481198 2463825565519005218
 7957689491423109178 8019257744939381605 7372146764891976309
 7161125220523724832 5053737109978686073 2322206152857503049
 8247343765655537954 2334111732880662889 7594039176629940035
 7955997360392268897 8872140181879615081 2463825565519005218
 8319666311473012794 7945792767427965556 7956015996545689959
 7011295810604310631 8389754676364927342 8317415637651116832
 5279945525354593570 2459029315074149445 7598263560567025225
 5341400417834134625 9016888569669776751 5495879485850591276
 7946920539281568068 7809639169138062692 8028075772543848992
 7958552612362548078 2484614994875018337 4188964772815128902
 8391179604928832032 5197264394687379826 7225216852885530473
 2481042943442510709 4992598775825443965 5269809948030747724
 8314042262877202030 7308890739959482656 5053737109978686067
 2322206152857503049 7598807758442219810 4836976424497737327
 8243109542266496360 8872140181880795233 2463825565519005218
 7162243406262050874 8316253092998769012 5197195890568421733
 3205756341782864229 4921384673820703520 7380917250225218097
 2338341752906474341 2334398844012554564 2482455854456005970
 4992598775825443965 5269809948030747724 8462098173457163886
 8314037933464363123 6061955523142513509 9016902927527339368
 5495879485850591276 7946920539281568068 8319678385351779686
 7310293708508316704 7596520478035484787 8237119368323098990
 9016880881594557281 5495879485850591276 7946920539281568068
 7023761038456350054 7959388232592935200 2318365495124128873
 3550046266740580987 7811051864104909346 4696536904570075237
 7809644666712705568 8315142586321815072 8233460176480526693
 9016890828738814309 5495879485850591276 7946920539281568068
 7959388233234870118 8317708060514673513 7809644666712705568
 5279945525354593570 2459029315074149445 7161125220758482505
 8028907985607487337 5921496164660047731 5269318716803872357
 7594020523670336622 2334346887909437039 7594880363188218182
 7954880053846286433 7887289626621208931 9016861154590420577
 5495879485850591276 7946920539281568068 7163384644106350438
 7020674717821054305 7885595278983503980 4692864535633360240
 8245922066597962862 9016896274757345645 5495879485850591276
 7946920539281568068 7163384644106350438 8458962005700190323
 9016890828738814307 5495879485850591276 7946920539281568068
 7163384644106350438 2480469041001672051 4992598775825443965
 5269809948030747724 7598805593980102254 2484614994875018863
 4188964772815128902 7886488383206793760 2316574717016372321
 7163378132935601987 6061972016593466465 7453295134170964837
 3205756405886492793 4921384673820703520 7380917250225218097
 7957695015158641263 7885595278951989536 7598805550879372653
 7955718028604239471 7946918723270437999 7809632533396933920
 9016879820669797920 5495879485850591276 7946920539281568068
 8028075772561485670 8017287377368195182 5989913284473876589
 2484144665712223077 4992598775825443965 5269809948030747724
 7598805593980102254 5269321988725304943 7305804402515076718
 7958552612362535213 7517669301774478433 3205756311598342245
 4921384673820703520 7380917250225218097 7957695015158641263
 7018099296334397728 7157099861427973746 3205756328612881769
 4921384673820703520 7380917250225218097 7957695015158641263
 7311153518011302944 4909034018535668082 2484142449575423077
 4992598775825443965 5269809948030747724 7598805593980102254
 8243680123700670063 2478516299897532513 4992598775825443965
 5269809948030747724 7598805593980102254 8462109103859199599
 7953723218683323250 2338615488418244449 2480464621768896330
 4992598775825443965 5269809948030747724 7598805593980102254
 8247607579436412527 8247620656762025065 8872140181879939438
 2463825565519005218 8245922066598076474 6061966523230347629
 7453295134170964837 7946918365597230441 8028075772578260340
 7311142388358734190 2482730676494823276 4992598775825443965
 5269809948030747724 7598805593980102254 7955718028604239471
 2338324134916746351 8241980170700090945 8029729158775859566
 2484614994875020140 4188964772815128902 7886488383206793760
 7301496554562090081 8748083312707135587 7598264642340660768
 2484614994875018611 4188964772815128902 7886488383206793760
 7301496554562090081 8748083312707135587 8459007260464400672
 2318365495208866931 3550046266740580987 8027224646218693154
 3273676477859720562 7166192814084286807 7236815249111146856
 2482443785363148832 4992598775825443965 5269809948030747724
 7598805593980102254 8319627494183759471 8026662930301996832
 7236815248859690094 8030592576017484576 7234295511973917810
 2484614994875016553 4188964772815128902 7886488383206793760
 8389754658609984357 6422259990876743273 8026374883739259936
 5053737109978686067 2322206152857503049 8391157674694035746
 2334397830650885490 7011295879176090433 8389754676364927342
 5279945525354593570 2459029315074149445 7166708188449304137
 5279945525354593570 2459029315074149445 8243110615840157257
 2484614994875015529 4188964772815128902 7597121116326928928
 7810724034607936101 3205756311734534432 4921384673820703520
 7452974844263146033 2333262022003224165 7598242605220786003
 5053737109978686049 2322206152857503049 7307493252191373602
 9016878621215779186 5495879485850591276 7946920539281568068
 7019267274119734631 7309462519857305888 7017850076646369652
 5053737109978686052 2322206152857503049 8460414756798220578
 8391166487948307821 8247326104881537121 7296992898898816623
 7596835294845161504 7237087927911870053 5557539936018526821
 7453295134003655781 7586349230283841897 7010260036361352307
 5269318543612396576 2318365495107085668 3550046266740580987
 7306930180816124450 8531315424287353198 2334346887726134121
 2333261957729446211 7813585251691929689 2318365494805620591
 3550046266740580987 7595160556967836194 8449069978676782446
 8461253671419473780 8872140181879747948 2463825565519005218
 8386104301581377594 7163382470110177381 2336349450923175029
 8243106217860755013 8872140181879615081 2463825565519005218
 8243116112923992122 3205756311533994272 4921384673820703520
 7957378002528641585 7307502047926973285 5053737109978686071
 2322206152857503049 7161135103461968162 7166744630089641833
 3205756311751455841 4921384673820703520 7957378002528641585
 2336927755081447023 8532478930659402821 8026374926720904545
 5279945525354593570 2459029315074149445 7598805632584412745
 4981091612573593199 7954890143883752558 2337484103939683685
 8389187293514067529 5053737109978686056 2322206152857503049
 8386114202106743074 5485505606493040489 2334385650140671585
 7453010356431054156 7018108092427419936 3205756337387038819
 4921384673820703520 7957378002528641585 8317708060514678383
 8391183928654711072 2334111732881124709 7310012310857609043
 7306367369464399136 2318365494906612082 3550046266740580987
 8029476446032378402 3275082778818142582 8028914755683181908
 6061955523142515047 7310874267743708005 8241942599633018995
 7021797263444765028 2334111732880075107 8241988044500197718
 6661498293810713376 2484614994875013490 4188964772815128902
 7022923189018239520 7451566362439608692 7166744630089901416
 3205756367468590177 4921384673820703520 7957378002528641585
 2334402177157658223 8247343679990558281 5989899046673998709
 8317708060515986543 5279945525354593570 2459029315074149445
 7598805632584412745 7595165144815002998 7307481079062749539
 2318365495107347310 3550046266740580987 8245930703122872866
 9016896274756952423 5495879485850591276 7946920539281568068
 2334119649662825841 8241995672613580101 8872140181879939433
 2463825565519005218 7451613975971766330 7368206123500860520
 2318365494805227890 3550046266740580987 7598538256688364066
 7742379713585506407 2484614994875021669 4188964772815128902
 7523097647038145056 2337214748650664820 2479071518875807049
 4992598775825443965 5269809948030747724 3275089345788867438
 7454419821588211796 7809644666712705568 5279945525354593570
 2459029315074149445 5921518227907898953 4836973152576304741
 7163369285420475753 8030569185790926945 7296992899066065511
 7233188321011518752 8316290815761588335 4981100353592191347
 8387226907939184749 7237093777336180847 5125172381557547893
 8017568899374805861 2337196001778156832 9016891923820081749
 5495879485850591276 7946920539281568068 8746956283341205363
 8462063728154725408 2318365494989647474 3550046266740580987
 8463229385143499298 7594034778515663206 7019251936654467169
 2484614994875015523 4188964772815128902 7453001586039136800
 8097827411408478825 2318365494989649001 3550046266740580987
 7310589355513362978 4764918792665002599 7309993245229936492
 8017287381733700467 3205756358879245422 4921384673820703520
 8389723566756209201 2334102057410258789 8746942023981951056
 7165897045455491616 8237119334179217512 9016880881594557281
 5495879485850591276 7946920539281568068 7956018178606720372
 7598247071850504295 2334111732881124449 8386654023778722125
 7946918646078075509 7957695015159230318 5279945525354593570
 2459029315074149445 8386109769549901385 7594306253583906409
 8315142586103654755 3205756341498044773 4921384673820703520
 8389723566756209201 7022647164206345317 8462091572190912620
 8872140181879485298 2463825565519005218 7810777145766191162
 2334381307660298604 7598805459459665473 7162222181125025391
 3205756414797116021 4921384673820703520 8389723566756209201
 8389754650662562917 7956000633515229728 8243122709993648999
 7809644653626810734 5279945525354593570 2459029315074149445
 7451606271275593289 7594024739953471077 7162223280671123827
 7307485598643613288 8243109542096678259 3205756388759200108
 4921384673820703520 8389723566756209201 8389754650662562917
 8317415637651116832 8026368092272478496 5053152505822998133
 2747307250424049257 7882820390943280416 8872140181880467045
 2463825565519005218 7810777145766191162 2333280696520894828
 7594029285253608001 8872140181879483489 2463825565519005218
 8243122709993758778 6422254493418873697 7162254423545434144
 2318365494806473076 3550046266740580987 7310589355513362978
 2336927755366785394 4692872202149913924 7595430113930404974
 8315178135798900084 5279945525354593570 2459029315074149445
 8386654075050290761 8247620656760714857 5557554430207615342
 5917849075900310629 2479340937778918245 4992598775825443965
 5269809948030747724 7598807741463098478 7955718028604237174
 7944666923456752751 2338619869283688548 8028075772393907269
 5053737109978686062 2322206152857503049 7017578424444012834
 7585237646212424301 2330929962068829548 7594029341170823764
 2334346888027139695 7017581717890294092 8103474503279929699
 3205756384648458853 4921384673820703520 8389723566756209201
 8247626301773673061 7017581717890296929 2318365495024118132
 3550046266740580987 7310589355513362978 7813861229346776178
 7296993002229165673 8028075836918883187 7885595278983503982
 8320773185467673712 2318365495107872116 3550046266740580987
 7310589355513362978 7813861229346776178 8019257792468708969
 7372146764891976309 7882825892814278688 5485494733027492397
 2479071518994358629 4992598775825443965 5269809948030747724
 7166187312213488750 8751164152777306217 8241994573135039520
 7307482326010896505 5053737109978686067 2322206152857503049
 7594320651724146978 7020664783580521331 8030610163517913458
 3276775983741564275 7234297702173271105 8172184393463714848
 2334111732881122677 7953723218449359171 2482730676494100321
 4992598775825443965 5269809948030747724 7166187312213488750
 8751164152777306217 8315168167197692704 8101253638806458144
 8391183928655373676 8872140181880401253 2463825565519005218
 8243122709993758778 8462107874665198437 8531015200480981872
 3205756414511375215 4921384673820703520 8389723566756209201
 4840636652003422821 7161114186971704687 7306093556368699233
 7017559724172526880 5053737109978686063 2322206152857503049
 7018422849374144802 8314052015440487779 7233183840551660649
 5053737109978686049 2322206152857503049 7018422849374144802
 7307178495596128611 4692857938496024430 2338601194141803630
 8243107338930713172 5279945525354593570 2459029315074149445
 8388355019538460233 2477377210012558708 4992598775825443965
 5269809948030747724 7594306392398591086 9016896283531111521
 5495879485850591276 7946920539281568068 8028075772578260340
 8462063726695833966 2334640457514053234 8389209275715708737
 7236793258744050293 7957704863871026464 5269330729844499821
 7598805593980102254 7310595060052029039 2318365494571326573
 3550046266740580987 7310589355513362978 7020671367831973490
 7164771218309062764 7153159241193255781 5917839214823566959
 2479340937778918245 4992598775825443965 5269809948030747724
 7598805598274417774 7236793258744049263 7594310820410248480
 7020664783580521331 7958552612362549618 8021790985063263329
 7594004795399170403 7589178295718211173 2318365495107609453
 3550046266740580987 7310589355513362978 7020671367831973490
 7526767756721594476 8748083312706810725 8314605259992089376
 5279945525354593570 2459029315074149445 8386105418748030537
 8088782055597305705 7299526186607668336 2482437124085868643
 4992598775825443965 5269809948030747724 7598805598274417774
 7165861564612963951 7372146795024378216 7956005057432145696
 8027506328700284015 2318365495208144748 3550046266740580987
 7310589355513362978 7020671367831973490 5989894592739221612
 5917856789761914228 3205756405955524197 4921384673820703520
 8389723566756209201 7957695015158706789 7165072471020825697
 5701678553040707945 8243118316881911910 7011014322879558753
 7020674717821050999 5053737109978686060 2322206152857503049
 7020674649187830050 4764927571478407540 7021788497231766121
 5557554430208469104 2340027244286143593 2484142492492196168
 4992598775825443965 5269809948030747724 7598805598274417774
 7815225435396075119 7372146773616518508 7957695011165392160
 7165897045455491616 5053737109978686056 2322206152857503049
 7020674649187830050 4836985165516335476 8017287437348990561
 7305804402515076718 7809644666712705568 5279945525354593570
 2459029315074149445 8386105418748030537 7008481094981807977
 7166178593379804274 8315142586320907381 8019257719203717477
 3205756358644101749 4921384673820703520 8389723566756209201
 7957695015158706789 8458730321555254369 5125208865980440940
 4981090492246679922 7957695015157986660 8315142586086867232
 3205756341498044773 4921384673820703520 8389723566756209201
 7957695015158706789 8461539599534025825 8602240465614694766
 2483565223150440992 4992598775825443965 5269809948030747724
 7598805598274417774 7598209327863787119 8451603300577339757
 7300933565752636531 2318365495174457718 3550046266740580987
 7310589355513362978 7020671367831973490 7956010516382687340
 5917861170137558113 3205756405955524197 4921384673820703520
 8389723566756209201 7957695015158706789 7598814410754255969
 8462096935382966627 8872140181880465511 2463825565519005218
 8243122709993758778 7809644653626810734 8237119321397085216
 7011014425639482985 5053737109978686071 2322206152857503049
 7020674649187830050 4981100353592191348 7809644666712705581
 7883958255320715040 7594004795399171689 3205756388775259749
 4921384673820703520 8389723566756209201 7957695015158706789
 7017581717890296929 8462063728004655476 7885595334919941746
 7311146993654587760 7162254423545434144 3205756388776503668
 4921384673820703520 8389723566756209201 7957695015158706789
 8386658446784621665 8019257697829285746 7372146764891976309
 7021782956690391328 5279945525354593570 2459029315074149445
 8386105418748030537 7801677579352436585 7163378107250140005
 7809644666712705568 7885632828709687072 2318365495208866917
 3550046266740580987 7310589355513362978 7020671367831973490
 8748086581157765228 7809644666712705568 5279945525354593570
 2459029315074149445 8386105418748030537 8018131836442931049
 5773727212321469810 7020656000237795699 3205756388843420012
 4921384673820703520 8389723566756209201 7957695015158706789
 2334392246434032737 5917863442766981204 3205756405955524197
 4921384673820703520 8389723566756209201 7957695015158706789
 7451597483297238113 8020946616610418277 8462063728188418412
 2318365494989647474 3550046266740580987 7310589355513362978
 7020671367831973490 7020674717821050988 7801677553275510892
 4692860116263002981 7598243794368095342 7810202075888230500
 2484614994875020133 4188964772815128902 7958535042257986080
 2336349433641923681 2336349433693040458 7233171607902121798
 8531299975020768613 8389754676550003813 5279945525354593570
 2459029315074149445 8386105418748030537 8019257736349773673
 8018131836442931829 8391737095995203698 2336349433641923681
 2338323061192025421 7956003940030508617 5989901228315927909
 2747307250424310115 7018934177712393504 2318365495107217774
 3550046266740580987 7310589355513362978 7020671367831973490
 7020674717821050988 8233460219628626028 8391179491952913769
 2334111732880204649 4909042759469592403 8746942045206048101
 5279945525354593570 2459029315074149445 8386105418748030537
 8019257736349773673 8018131836442931829 8386093336985149554
 7946918667335135081 2484144665711306100 4992598775825443965
 5269809948030747724 7598805598274417774 8462063727970184815
 8245886547809889906 7092972739818899744 8093848661331111017
 8387230206476444517 2484614994875021682 4188964772815128902
 7958535042257986080 2336349433641923681 2336349433693040458
 8319104314319728454 5485494770839088751 2334956330918502757
 2482439322942665811 4992598775825443965 5269809948030747724
 7598805598274417774 8462063727970184815 8245886547809889906
 8751735890100179232 7165897045455491616 5053737109978686056
 2322206152857503049 7020674649187830050 5341388323781831028
 5053157947630318959 7955718028604240495 7946918723270437999
 7020378893444009248 8458962005785799028 9016890828738814307
 5495879485850591276 7946920539281568068 8028075772578260340
 8247620656761168238 2338053503541076334 8391166289223444564
 4981093677905048175 7598247007645951854 7162223279457986414
 2484130397729812072 4992598775825443965 5269809948030747724
 7598805598274417774 8462063727970184815 8245886547809889906
 7882798121387316256 5701683999059242857 7300947936677732454
 7310589355484345718 7020671367831973490 7301215040204465516
 8172190883410372973 7235440124427789685 2318365494873518441
 3550046266740580987 7310589355513362978 7020671367831973490
 7020674717821050988 7517669353853427820 2340011937021239397
 5917861187350980175 8317708060297096293 5279945525354593570
 2459029315074149445 8386105418748030537 8019257736349773673
 8018131836442931829 8382078951380754546 5989899994436035701
 8316287491492570475 5053737109978686061 2322206152857503049
 7020674649187830050 5341388323781831028 5053157947630318959
 5989899003165176431 2334640457732355444 7598250158843062356
 7512884261836911731 2318365494922670709 3550046266740580987
 7310589355513362978 7020671367831973490 7020674717821050988
 7161639439860441196 2479071519094764911 4992598775825443965
 5269809948030747724 7598805598274417774 8462063727970184815
 2334640457514053234 7598819921939882817 5269321988725303150
 7598805593980102254 7449356622832365167 3205756393221352805
 4921384673820703520 8389723566756209201 7957695015158706789
 7958552612362546273 7224090901065264225 7164775535005232239
 8023479826855829605 8872140181879682165 2463825565519005218
 8243122709993758778 7809644653626810734 7809644666712705568
 7815262959250591520 7598805550978441332 8458962005668228719
 4692872236509716835 7955718028604236910 3205756414579403887
 4921384673820703520 8389723566756209201 7957695015158706789
 7958552612362546273 7224090901065264225 4692861198342709622
 7596570298898474094 7954880192137159781 8872140181880399203
 2463825565519005218 8243122709993758778 7809644653626810734
 7809644666712705568 7022910899810094880 7885595278951408494
 7157099908522341744 7944666837490230633 7163375912484937828
 9016896322101933153 5495879485850591276 7946920539281568068
 8028075772578260340 8247620656761168238 4692863301752480110
 2338324109263468132 7956003940030508617 5989901228315927909
 2338324109263726947 7813868778506448449 7526747861126767977
 7163384643569474661 5053737109978686067 2322206152857503049
 7020674649187830050 5341388323781831028 5701676293971670383
 7017568584436097126 8316285313690509422 8382078951298589043
 3205756388775650421 4921384673820703520 8389723566756209201
 7957695015158706789 7958552612362546273 7440263683179048033
 8247626301773670770 5989897929104583777 7163384721348780404
 7954880192137161825 8872140181880399203 2463825565519005218
 8243122709993758778 7809644653626810734 7809644666712705568
 8030594614969126688 2318365495208537966 3550046266740580987
 7310589355513362978 7020671367831973490 7020674717821050988
 8244192200289624172 7598814351351300909 7944666846264389231
 7451612842573308004 2481042943442514533 4992598775825443965
 5269809948030747724 7598805598274417774 8462063727970184815
 2334640457514053234 2336364801034513473 7454990395108519489
 7165897045455491616 5053737109978686056 2322206152857503049
 7020674649187830050 5341388323781831028 5701676293971670383
 7954880188280545382 8391737095995203700 2334111732880338537
 7451606271275593289 2318365494872338021 3550046266740580987
 7310589355513362978 7020671367831973490 7020674717821050988
 7092396595589619820 7308855250963555689 8872140181880792946
 2463825565519005218 8243122709993758778 7809644653626810734
 7809644666712705568 7809644454832656160 2318365495107613561
 3550046266740580987 7310589355513362978 7020671367831973490
 7020674717821050988 7020620476528402540 7944666897720768876
 7163375912484937828 9016896322101933153 5495879485850591276
 7946920539281568068 8028075772578260340 8247620656761168238
 4692863301752480110 8748083312706807662 5279945525354593570
 2459029315074149445 8386105418748030537 8019257736349773673
 7372146764891976309 7234304290904359200 8028077971499991584
 7957688215134822770 3205756388742098287 4921384673820703520
 8389723566756209201 7957695015158706789 7958552612362546273
 8088782029520399457 8666368673514613872 5773726268652745317
 7453295134087805288 5053737109978686073 2322206152857503049
 7020674649187830050 5341388323781831028 5701676293971670383
 7307491100560793702 7021238741348327524 8315142586220243316
 3205756341498044773 4921384673820703520 8389723566756209201
 7957695015158706789 7958552612362546273 8088782029520399457
 7587475087782669424 7163384721348847470 5053737109978686067
 2322206152857503049 7020674649187830050 5341388323781831028
 5701676293971670383 7307491100560793702 7882821571839860836
 2316574738289882209 7598825368042173523 2484614994875020131
 4188964772815128902 7958535042257986080 2336349433641923681
 2336349433693040458 7596570298898474575 7521420831119926373
 7163384721348654437 7598827597013664544 2484614994875017070
 4188964772815128902 7958535042257986080 2336349433641923681
 2336349433693040458 7596570298898474575 7596568095798355045
 7594004795499832686 2318365494872338021 3550046266740580987
 7310589355513362978 7020671367831973490 7020674717821050988
 8102047337050742892 8386072081194117484 7162221081648063860
 7957695015292921711 5279945525354593570 2459029315074149445
 8386105418748030537 8019257736349773673 7372146764891976309
 7234304290904359200 7020945120542543904 2333824980882317678
 2482439322942665811 4992598775825443965 5269809948030747724
 7598805598274417774 8462063727970184815 2334640457514053234
 7162258778474377793 8017287411513062772 2479071519095222381
 4992598775825443965 5269809948030747724 7598805598274417774
 8462063727970184815 2334640457514053234 7594029285253608001
 7810777145766079585 2334381307660298604 7017581717890297417
 2318365495024118132 3550046266740580987 7310589355513362978
 7020671367831973490 7020674717821050988 8390840663155875948
 7301496511592996979 8748083312707135587 5279945525354593570
 2459029315074149445 8386105418748030537 8019257736349773673
 7372146764891976309 7012140222568939808 8382078942808795491
 3205756388775650421 4921384673820703520 8389723566756209201
 7957695015158706789 7958552612362546273 8304954811634183265
 7598545923176554857 7236793258862667118 7020393216925911328
 7953723218600094068 2482730676494100321 4992598775825443965
 5269809948030747724 7598805598274417774 8462063727970184815
 2334640457514053234 7308624709752681281 8317145135789929582
 7166744630089632032 3205756367468590177 4921384673820703520
 8389723566756209201 7957695015158706789 7958552612362546273
 8377012405672111201 6061954403016207464 2747329296274187624
 7956011615612195872 5053737109978686055 2322206152857503049
 7020674649187830050 5341388323781831028 5701676293971670383
 7598814351465717862 2484614994875017070 4188964772815128902
 7958535042257986080 2336349433641923681 2336349433693040458
 7885649519501665871 7944666876345939041 8391737095995203684
 8872140181879615081 2463825565519005218 8243122709993758778
 7809644653626810734 7809644666712705568 8031172958085336864
 4692872236509716845 8247338241768842350 2484614994875018351
 4188964772815128902 7958535042257986080 2336349433641923681
 2336349433693040458 7885649519501665871 7944666837808673903
 7953753193023610980 7452970438904341353 7453010373393084009
 5279945525354593570 2459029315074149445 8386105418748030537
 8019257736349773673 7372146764891976309 8028075772494627104
 7020671406232903790 7944666897619448949 8102942691685376100
 8872140181879481185 2463825565519005218 8243122709993758778
 7809644653626810734 7809644666712705568 8247631613222342432
 7299526182379480438 9016880928838084964 5495879485850591276
 7946920539281568068 8028075772578260340 8247620656761168238
 4764920895790408046 7598247071852621673 8872140181880400993
 2463825565519005218 8243122709993758778 7809644653626810734
 7809644666712705568 7885637205281361696 4981100353407247461
 7598247007645951854 6061955523142510446 7453295134170964837
 5053737109978686073 2322206152857503049 7020674649187830050
 5341388323781831028 5701676293971670383 7234308701715308646
 7020347797746574185 2318365494906612071 3550046266740580987
 7310589355513362978 7020671367831973490 7020674717821050988
 8028020517687468140 7308895120959759725 5279945525354593570
 2459029315074149445 8386105418748030537 8019257736349773673
 7372146764891976309 8247328338317230624 8872140181880398697
 2463825565519005218 8243122709993758778 7809644653626810734
 7809644666712705568 8101809987395145504 2479071519094761842
 4992598775825443965 5269809948030747724 7598805598274417774
 8462063727970184815 2334640457514053234 4836994038700012098
 3205756384480292449 4921384673820703520 8389723566756209201
 7957695015158706789 7958552612362546273 8233178692572965985
 7452970438787294313 7453010373393084009 5279945525354593570
 2459029315074149445 8386105418748030537 8019257736349773673
 7372146764891976309 8316292967307756064 7523110823897866356
 8389209137047019636 8872140181879485045 2463825565519005218
 8243122709993758778 7809644653626810734 7809644666712705568
 7811903955522703136 8386072081245038948 4692884296878026600
 8390313189008499822 3205756367468590177 4921384673820703520
 8389723566756209201 7957695015158706789 7958552612362546273
 8449351474686749793 7599382664410590313 2338615488418836338
 8391179530607554113 7596562542729521505 2484614994875021684
 4188964772815128902 7958535042257986080 2336349433641923681
 2336349433693040458 8317711409746044495 7021767267124658464
 8872140181879221621 2463825565519005218 8243122709993758778
 7809644653626810734 7809644666712705568 7598545923176025888
 2318365495108265326 3550046266740580987 7310589355513362978
 7020671367831973490 7020674717821050988 8319628593559707756
 7944666897887620713 2482437124188105825 4992598775825443965
 5269809948030747724 7598805598274417774 8462063727970184815
 2334640457514053234 8319104461573420354 7165036930758754592
 2318365495208994153 3550046266740580987 7310589355513362978
 7020671367831973490 7020674717821050988 8319628593559707756
 7008762600324689513 8461539599534023028 7957695015157983598
 7299807661732733043 7453010343547074420 5279945525354593570
 2459029315074149445 8386105418748030537 8019257736349773673
 7372146764891976309 8315173686197174816 8030597042932097139
 3205756393221352814 4921384673820703520 8389723566756209201
 7957695015158706789 7958552612362546273 8449351474686749793
 5773741661749143923 7953758755175690853 7449356622832362851
 3205756393221352805 4921384673820703520 8389723566756209201
 7957695015158706789 7958552612362546273 7008481068904901729
 5989908869061828974 9016896283346236788 5495879485850591276
 7946920539281568068 8028075772578260340 8247620656761168238
 4836978489828335982 7011295870585106017 8389754676364927342
 5279945525354593570 2459029315074149445 8386105418748030537
 8019257736349773673 7372146764891976309 8017287381732377376
 7598805598123356783 2484614994875018863 4188964772815128902
 7958535042257986080 2336349433641923681 2336349433693040458
 7596839644921095759 7595160539759403363 2479071519060616558
 4992598775825443965 5269809948030747724 7598805598274417774
 8462063727970184815 2334640457514053234 7008481060806289475
 4981091612573590898 7957695015157986660 2484125973913489440
 4992598775825443965 5269809948030747724 7598805598274417774
 8462063727970184815 2334640457514053234 7298118811841554499
 7236793258678185057 7598814411581902368 2484614994875018863
 4188964772815128902 7958535042257986080 2336349433641923681
 2336349433693040458 7236274597801256527 2747310622091729184
 2340020681458140704 2482439322942665811 4992598775825443965
 5269809948030747724 7598805598274417774 8462063727970184815
 2334640457514053234 8244228776333502531 2484614994875017332
 4188964772815128902 7958535042257986080 2336349433641923681
 2336349433693040458 7236274597801256527 7225216810188171618
 2481042943442510709 4992598775825443965 5269809948030747724
 7598805598274417774 8462063727970184815 2334640457514053234
 7954890092460992579 8319389205018058867 5279945525354593570
 2459029315074149445 8386105418748030537 8019257736349773673
 7372146764891976309 7310298145041695520 8316307274010807328
 2318365495107217780 3550046266740580987 7310589355513362978
 7020671367831973490 7020674717821050988 8243912924336169068
 8388357145614381929 7166744630084903033 3205756367468590177
 4921384673820703520 8389723566756209201 7957695015158706789
 7958552612362546273 7801114603322109025 7813868778506450287
 8317708060514673513 7885595278951989536 9016883127862457712
 5495879485850591276 7946920539281568068 8028075772578260340
 8247620656761168238 4836978489828335982 7311146993788544879
 7020393216925911328 7236793258861619572 7809649077626424864
 7596565854468065568 3205756328612881767 4921384673820703520
 8389723566756209201 7957695015158706789 7958552612362546273
 8017287385435892833 8245937404551717485 7598821956429570409
 7957695015159490925 7882825892814278688 7946918633190531187
 7163384644106350438 8872140181878305372 2463825565519005218
 8243122709993758778 7809644653626810734 7809644666712705568
 7885080856692674336 8028075772393123445 8245940784538198126
 4909034018535666539 8391721685706109801 7310595060052026469
 2484614994875020141 4188964772815128902 7958535042257986080
 2336349433641923681 2336349433693040458 8461539599534024271
 8319640688508823918 2484614994875016041 4188964772815128902
 7958535042257986080 2336349433641923681 2336349433693040458
 7021232143705597519 4692862370969837938 7596570298898474094
 7596844085917279333 8391179491953369454 8872140181879481193
 2463825565519005218 8243122709993758778 7809644653626810734
 7809644666712705568 8101253638806458144 2334402177157657185
 8028075772393907269 7296992911965626478 7954884646492988790
 5053737109978686068 2322206152857503049 7020674649187830050
 5341388323781831028 5701676293971670383 8241992408385134694
 7011014340059427937 8602240465497321314 7236802054703694112
 2336349412218139509 7957695015158572370 5053737109978686067
 2322206152857503049 7020674649187830050 5341388323781831028
 5701676293971670383 8391737095995203686 2336349433641923681
 7163377007671075653 7153159198866481267 7598263500303986287
 2484614994875020131 4188964772815128902 7958535042257986080
 2336349433641923681 2336349433693040458 8462384024464156239
 7809644653626810740 7596565854468065568 7944666837490230631
 7163375912484937828 9016896322101933153 5495879485850591276
 7946920539281568068 8028075772578260340 8247620656761168238
 4836978489828335982 7598805624095272303 8386068782793191023
 5989914413730722405 4692862289448364387 7956003940030506094
 9016883127862322533 5495879485850591276 7946920539281568068
 8028075772578260340 8247620656761168238 4836978489828335982
 7598805624095272303 7594004795399171695 7236793258626739813
 7306367369464399136 2318365494906612082 3550046266740580987
 7310589355513362978 7020671367831973490 7020674717821050988
 7885595278983503980 8088782081434613104 8028075772393122928
 7301496553919771502 8748083312707135587 5279945525354593570
 2459029315074149445 8386105418748030537 8019257736349773673
 7372146764891976309 7310597220861952800 2338324151993311346
 8028914755683181908 2484614994875021671 4188964772815128902
 7958535042257986080 2336349433641923681 2336349433693040458
 8462384024464156239 7307481079063143796 2334111732880204654
 2336086654792787278 8751735916204352851 5279945525354593570
 2459029315074149445 8386105418748030537 8019257736349773673
 7372146764891976309 7310597220861952800 8391166475297172850
 8459851789206840421 8241980170700154721 7236793258661013870
 7956004992771773472 5053737109978686055 2322206152857503049
 7020674649187830050 5341388323781831028 5701676293971670383
 8391737095995203686 7307481079062425193 2334111732880204654
 8386104263452156237 8872140181880398697 2463825565519005218
 8243122709993758778 7809644653626810734 7809644666712705568
 8317707895896952608 7957695015159231077 7305804402363945760
 5279945525354593570 2459029315074149445 8386105418748030537
 8019257736349773673 7372146764891976309 8462954688905429792
 7011295853573403747 8389754676364927342 5279945525354593570
 2459029315074149445 8386105418748030537 8019257736349773673
 7372146764891976309 8101242855452787488 7153159289130021487
 2338321935994154607 7596838377322999361 7598805615488756078
 7954880192137160054 8872140181880399203 2463825565519005218
 8243122709993758778 7809644653626810734 7809644666712705568
 8389765489934880544 4981094911785135721 7598247007645951854
 7017581717890295662 7236793258778519924 8019834949973134368
 8240568505877948270 3205756337387040338 4921384673820703520
 8389723566756209201 7957695015158706789 7958552612362546273
 8017287385435892833 2481042943426654834 4992598775825443965
 5269809948030747724 7598805598274417774 8462063727970184815
 2334640457514053234 8028074733263286083 7157099848540430446
 7595442031915527265 9016890828738816354 5495879485850591276
 7946920539281568068 8028075772578260340 8247620656761168238
 4836978489828335982 2336349433541519730 2334381286437909834
 8315161612808446803 5279945525354593570 2459029315074149445
 8386105418748030537 8019257736349773673 7372146764891976309
 7017568593079583520 8314052171365163116 7310034287921033844
 5053737109978686067 2322206152857503049 7020674649187830050
 5341388323781831028 5701676293971670383 2338339554030985318
 7809649077627155779 7882820390943280416 8872140181880467045
 2463825565519005218 8243122709993758778 7809644653626810734
 7809644666712705568 7017300100563488544 7307482326010896494
 5053737109978686067 2322206152857503049 7020674649187830050
 5341388323781831028 5701676293971670383 8247626301771554918
 7309464731983572065 8872140181880796274 2463825565519005218
 8243122709993758778 7809644653626810734 7809644666712705568
 8389209137051225888 8247620699710386805 2334111732880733033
 7809651225044152136 7310298023559001193 2318365494922670689
 3550046266740580987 7310589355513362978 7020671367831973490
 7020674717821050988 7095776494333403244 7596844085917282917
 9016902889107124078 5495879485850591276 7946920539281568068
 8028075772578260340 8247620656761168238 4836978489828335982
 8241964589934535289 7236793258627719526 7598258058663646240
 2484614994875018611 4188964772815128902 7958535042257986080
 2336349433641923681 2336349433693040458 2333274043058251343
 5557555664088099149 7453010347740718191 7953723218432246048
 2482730676494100321 4992598775825443965 5269809948030747724
 7598805598274417774 8462063727970184815 2334640457514053234
 7957695010997232964 8390891584458412832 2336635332503098144
 8028914755683181908 2484614994875021671 4188964772815128902
 7958535042257986080 2336349433641923681 2336349433693040458
 7598819852494595663 2318365495208866931 3550046266740580987
 7310589355513362978 7020671367831973490 7020674717821050988
 8315127192955592812 7018141226959267689 4692884352612591988
 8534161238842696814 3205756367468590177 4921384673820703520
 8389723566756209201 7957695015158706789 7958552612362546273
 7585223296185035873 7598819853270869606 8386113110492081249
 2318365495107940201 3550046266740580987 7310589355513362978
 7020671367831973490 7020674717821050988 7451561964407300204
 7598209327863788649 5053149206611518829 8314605281550365295
 5279945525354593570 2459029315074149445 8386105418748030537
 8019257736349773673 7372146764891976309 7809651224892490784
 7308613719048932640 7020955972430555492 7453010382217634660
 5279945525354593570 2459029315074149445 8386105418748030537
 8019257736349773673 7372146764891976309 7809651224892490784
 8316308364898685984 8872140181880074089 2463825565519005218
 8243122709993758778 7809644653626810734 7809644666712705568
 7022071985323003680 7162221081714324595 7944666923640649327
 7308895189878317156 7598819895427494771 3205756414797116782
 4921384673820703520 8389723566756209201 7957695015158706789
 7958552612362546273 7585223296185035873 5917855690435813747
 7164775560657859429 7307182893674602597 4981109196846350880
 7308619195232122478 2484614994875020398 4188964772815128902
 7958535042257986080 2336349433641923681 2336349433693040458
 7810213074742306383 7944666837742351215 7958535050864566372
 2318365494872338017 3550046266740580987 7310589355513362978
 7020671367831973490 7020674717821050988 8316253092862435436
 8386105380226822755 2334111732880797545 2483560699107043412
 4992598775825443965 5269809948030747724 7598805598274417774
 8462063727970184815 2334640457514053234 7305804385369680196
 7598805551080031520 7955718028604239471 2482439322992602223
 4992598775825443965 5269809948030747724 7598805598274417774
 8462063727970184815 2334640457514053234 8458438990456121668
 8391183928654062964 2334111732881124709 8028914755683181908
 2318365495107348839 3550046266740580987 7310589355513362978
 7020671367831973490 7020674717821050988 7960468722300166252
 5989906669938240865 4692877725410816889 7306640047755781230
 2336349412251297138 7957695015159165253 5053737109978686067
 2322206152857503049 7020674649187830050 5341388323781831028
 5701676293971670383 8101804485757968486 2318365495024118132
 3550046266740580987 7310589355513362978 7020671367831973490
 7020674717821050988 4768543585912954988 2338339511016715125
 7521981565278315858 5279945525354593570 2459029315074149445
 8386105418748030537 8019257736349773673 7372146764891976309
 7020105144287970592 7957695015158968162 5279945525354593570
 2459029315074149445 8386105418748030537 8019257736349773673
 7372146764891976309 8389187293514908960 7299526186756022376
 8017287411512076644 8386093285616479597 2318365495107940201
 3550046266740580987 7310589355513362978 7020671367831973490
 7020674717821050988 5633234714368090220 8028075772460234337
 7011295810604310638 4981092708466846066 9016902914877058915
 5495879485850591276 7946920539281568068 8028075772578260340
 8247620656761168238 4981093677904191854 7956011637086638125
 8241980339360243815 2484614994875017315 4188964772815128902
 7958535042257986080 2336349433641923681 2336349433693040458
 7813552033874601551 3205756388742100073 4921384673820703520
 8389723566756209201 7957695015158706789 7958552612362546273
 7009044018858323041 7811889666167762034 8093848571053303908
 7225216827048682341 2481042943442510709 4992598775825443965
 5269809948030747724 7598805598274417774 8462063727970184815
 2334640457514053234 7302903976640536901 7166744630089970273
 3205756367468590177 4921384673820703520 8389723566756209201
 7957695015158706789 7958552612362546273 7153159206934178913
 7809632533195222127 7596850666549757216 7022329116521165667
 2482437124187711860 4992598775825443965 5269809948030747724
 7598805598274417774 8462063727970184815 2334640457514053234
 2340015209653953349 8028903794874261542 3205756393221352816
 4921384673820703520 8389723566756209201 7957695015158706789
 7958552612362546273 7153159206934178913 5989896808861494895
 2482439297339582819 4992598775825443965 5269809948030747724
 7598805598274417774 8462063727970184815 2334640457514053234
 7163377007671075653 7306916047138660467 7236793258879116653
 8389772277107081504 8872140181879615081 2463825565519005218
 8243122709993758778 7809644653626810734 7809644666712705568
 8317976185324064544 4692877725410816889 8028914707846947950
 7954880192137165159 8315163794178139491 5279945525354593570
 2459029315074149445 8386105418748030537 8019257736349773673
 7372146764891976309 7598805551080031520 5269321988725304943
 7598805593980102254 7955718028604239471 2482439322992602223
 4992598775825443965 5269809948030747724 7598805598274417774
 8462063727970184815 2334640457514053234 8028075772393907269
 7517669293706780782 9016896347919425637 5495879485850591276
 7946920539281568068 8028075772578260340 8247620656761168238
 4981093677904191854 7957695015157986660 7526747861127416096
 2338321936110677349 2334381307660428115 7521967214633971265
 9016902889107124078 5495879485850591276 7946920539281568068
 8028075772578260340 8247620656761168238 4981093677904191854
 7957695015157986660 7523110824066962464 2318365495124967712
 3550046266740580987 7310589355513362978 7020671367831973490
 7020674717821050988 8458962005566365804 7809644653626810723
 8318822943511890976 2334111732880927080 7308609264982843725
 2484614994875020398 4188964772815128902 7958535042257986080
 2336349433641923681 2336349433693040458 7017581717890295375
 5557561105895614836 7954884599113412193 5053737109978686068
 2322206152857503049 7020674649187830050 5341388323781831028
 5701676293971670383 8386093336985149542 8309176962361749353
 8748083312706741113 5279945525354593570 2459029315074149445
 8386105418748030537 8019257736349773673 7372146764891976309
 7598805551080031520 7594004795399171695 3205756388775259749
 4921384673820703520 8389723566756209201 7957695015158706789
 7958552612362546273 7225216800972106849 7020671367831970677
 8029469961759236204 2336885660476469100 4981106967740639560
 7957695015157986660 5279945525354593570 2459029315074149445
 8386105418748030537 8019257736349773673 7372146764891976309
 7598263491579626784 2334111732880662883 8243122740717776707
 7306367369464399136 8320773185183050098 2318365495107872116
 3550046266740580987 7310589355513362978 7020671367831973490
 7020674717821050988 7308292300773204076 7882821499062744163
 3205756414764282729 4921384673820703520 8389723566756209201
 7957695015158706789 7958552612362546273 7801677553275530337
 7163378107250140005 7885365777676584736 7310298023558671973
 2318365494922670689 3550046266740580987 7310589355513362978
 7020671367831973490 7020674717821050988 7308292300773204076
 2333824954945139811 8751735916204352851 7451561964375785760
 8245886547809891433 9016896274757283429 5495879485850591276
 7946920539281568068 8028075772578260340 8247620656761168238
 4981093677904191854 7597132158790231404 6061955523142513507
 8461539600075418725 7957695015157983598 5053737109978686067
 2322206152857503049 7020674649187830050 5341388323781831028
 5701676293971670383 7234018374878306406 7310595060052026469
 2484614994875020141 4188964772815128902 7958535042257986080
 2336349433641923681 2336349433693040458 7454131853237184079
 7953723218783858277 2482730676494100321 4992598775825443965
 5269809948030747724 7598805598274417774 8462063727970184815
 2334640457514053234 7164775552168324421 7594029276593987705
 2484614994875016558 4188964772815128902 7958535042257986080
 2336349433641923681 2336349433693040458 7454131853237184079
 8243086091912179301 3205756388775258486 4921384673820703520
 8389723566756209201 7957695015158706789 7958552612362546273
 7873735147313458273 4981094911784219237 2333824972207908204
 8742366977356951376 3205756388909610099 4921384673820703520
 8389723566756209201 7957695015158706789 7958552612362546273
 7873735147313458273 5557555664087642725 9016896347704095329
 5495879485850591276 7946920539281568068 8028075772578260340
 8247620656761168238 4981093677904191854 2334956330801063277
 8028914755683181908 2336885660375673191 7453010356431054156
 5279945525354593570 2459029315074149445 8386105418748030537
 8019257736349773673 7372146764891976309 7957695015393510688
 7017581717890296929 2318365495024118132 3550046266740580987
 7310589355513362978 7020671367831973490 7020674717821050988
 7236797656688697452 5701668653140960111 2484130397729809262
 4992598775825443965 5269809948030747724 7598805598274417774
 8462063727970184815 2334640457514053234 7956015988122873413
 7944666923456752751 8026084638471299172 2318365495007603052
 3550046266740580987 7310589355513362978 7020671367831973490
 7020674717821050988 7308855250726625388 5557551244750710642
 8317129717365175393 7307164201811591456 8237119368323098989
 7957695011048747119 5279945525354593570 2459029315074149445
 8386105418748030537 8019257736349773673 7372146764891976309
 2340015222421341472 7599382664409542209 7022359100884152178
 7308895138221465708 3205756337387041381 4921384673820703520
 8389723566756209201 7957695015158706789 7958552612362546273
 7945792741351386209 7236793258962547301 8391166479293502240
 8872140181880398697 2463825565519005218 8243122709993758778
 7809644653626810734 7809644666712705568 8243115936146935584
 7883960648401451367 2336927755366660713 7595160539758882369
 2479071519060616558 4992598775825443965 5269809948030747724
 7598805598274417774 8462063727970184815 2334640457514053234
 5989920989610602053 7011295870753989477 8389754676364927342
 5279945525354593570 2459029315074149445 8386105418748030537
 8019257736349773673 7372146764891976309 7306367369464399136
 2318365494906612082 3550046266740580987 7310589355513362978
 7020671367831973490 7020674717821050988 7452970438802481260
 7453010373393084009 8026900115307249952 8315161612808446835
 5279945525354593570 2459029315074149445 8386105418748030537
 8019257736349773673 7372146764891976309 7306367369464399136
 7236793258661013874 7813585273134339104 8029476446004668271
 9016890828738814326 5495879485850591276 7946920539281568068
 8028075772578260340 8247620656761168238 4981093677904191854
 7598247007645951854 7956017164184479598 7020655853001995109
 9016897421446047079 5495879485850591276 7946920539281568068
 8028075772578260340 8247620656761168238 4981093677904191854
 7598247007645951854 7449345644946286446 8872140181880792943
 2463825565519005218 8243122709993758778 7809644653626810734
 7809644666712705568 7595160539759005472 2334956330984760686
 7521981565278315858 7598247951230454048 2484614994875015523
 4188964772815128902 7958535042257986080 2336349433641923681
 2336349433693040458 7956003940030506575 5989901228315927909
 8451603300577010543 7944666837489906803 2478496439900053604
 4992598775825443965 5269809948030747724 7598805598274417774
 8462063727970184815 2334640457514053234 8243106217860755013
 8391183928654261865 7306086872549387621 7944666846264388716
 7020115031942701156 2318365495024118132 3550046266740580987
 7310589355513362978 7020671367831973490 7020674717821050988
 7452970438802481260 7955973918801750380 8314605285929481575
 5279945525354593570 2459029315074149445 8386105418748030537
 8019257736349773673 7372146764891976309 7526475316578895136
 8315168167197692704 5279945525354593570 2459029315074149445
 8386105418748030537 8019257736349773673 7372146764891976309
 8246216697786025248 8027224646189675369 2336927755366657394
 2482448102124124499 4992598775825443965 5269809948030747724
 7598805598274417774 8462063727970184815 2334640457514053234
 7310028726189977157 2336349412218201454 7956016065516823894
 5053737109978686055 2322206152857503049 7020674649187830050
 5341388323781831028 5701676293971670383 8099005349287501926
 7526485250804704626 5269321988725305449 8028075772712283758
 5053737109978686062 2322206152857503049 7020674649187830050
 5341388323781831028 5701676293971670383 8030597042932097126
 7944666902098701678 7593478485961810020 7296992916229218670
 7954884646492988790 5053737109978686068 2322206152857503049
 7020674649187830050 5341388323781831028 5701676293971670383
 8030597042932097126 2336349459394686318 8028914755683181908
 5557552364877019495 7954884599113412193 5053737109978686068
 2322206152857503049 7020674649187830050 5341388323781831028
 5701676293971670383 8387224730406821990 7598819852494594921
 2318365495208866931 3550046266740580987 7310589355513362978
 7020671367831973490 7020674717821050988 7526716882700673132
 2334111732881122153 2482448102124124499 4992598775825443965
 5269809948030747724 7598805598274417774 8462063727970184815
 2334640457514053234 7944666902098703941 8532479007999271012
 7449356622832364641]